ARCHER
ARCHER
Archer
125.37130270859839
600.0
9
1
0
6
9
8
0
9
41
ARCHER
ARCHER
Archer
149.09892901870853
128.18189666211904
1
1
0
13
21
13
0
1
1
ARCHER
ARCHER
Archer
64.62149476484888
582.735806555311
9
1
0
14
10
3
0
9
21
ARCHER
ARCHER
Archer
185.2472506805729
458.93258285912214
6
1
0
14
3
5
0
6
26
ARCHER
ARCHER
Archer
295.6206441424097
185.86130561867412
8
1
0
15
9
6
0
8
52
ARCHER
ARCHER
Archer
486.52434997187726
357.8874144473034
5
1
0
10
24
15
0
5
24
ARCHER
ARCHER
Archer
404.95422921456543
600.0
9
1
0
13
2
12
0
9
12
ARCHER
ARCHER
Archer
352.5042683410391
294.92043913305463
10
1
0
6
10
12
0
10
13
ARCHER
ARCHER
Archer
549.2751187172491
600.0
5
1
0
7
18
3
0
5
34
ARCHER
ARCHER
Archer
370.44357720249286
235.37971494342165
4
1
0
12
10
1
0
4
13
WARRIOR
WARRIOR
Warrior
331.5307120699903
42.54644014047396
8
1
0
25
7
1
0
8
73
WARRIOR
WARRIOR
Warrior
218.1285932453646
337.2686658912671
1
1
0
1
1
11
0
1
20
WARRIOR
WARRIOR
Warrior
220.9188828958334
372.7149512065302
3
1
0
7
1
15
0
3
8
WARRIOR
WARRIOR
Warrior
58.2102250281882
380.5865299765695
6
1
0
18
7
4
0
6
67
WARRIOR
WARRIOR
Warrior
612.166273860302
694.7207594520329
8
1
0
21
4
8
0
8
44
WARRIOR
WARRIOR
Warrior
462.0328899555003
654.7247864467664
6
1
0
9
11
7
0
6
95
WARRIOR
WARRIOR
Warrior
329.54393850012747
486.8617764878887
6
1
0
12
3
3
0
6
51
WARRIOR
WARRIOR
Warrior
182.915480272011
174.8349442651623
6
1
0
3
8
11
0
6
66
WARRIOR
WARRIOR
Warrior
548.6821062348383
94.13248491309318
1
1
0
18
14
9
0
1
11
WARRIOR
WARRIOR
Warrior
101.7870869224421
414.7246490917749
5
1
0
10
11
8
0
5
17
